-----------------------------------------------------------
Gaseous_Parameters_DataBase_ver1.0

//Comments:
Based on Burcat_2005+NASA_DB

Data_structure:
Mass_молек.массы_[a.e.m]
Lennard-Jones_Parameters_(sigma[A],eps[K])
Cp(T),H(T),S(T)_coefficients+dH0[eV](T>1000K)
Cp(T),H(T),S(T)_coefficients+dH0[eV](T<=1000K)
//Cp(T)/R=a1+a2*T+a3*T^2+a4*T^3+a5*T^4_dimensionless
//H0(T)/RT=a1+a2*T/2+a3*T^2/3+a4*T^3/4+a5*T^4/5+a6/T_dimensionless
//S(T)/R=a1lnT+a2*T+a3*T^2/2+a4*T^3/3+a5*T^4/4+a7_dimensionless
//R={J/K*mol}

Spectrum_data:
(n+0.5)*we-xe*we*(n+0.5)^2//
we_[cm-1]	xe*we_[cm-1]
------------------------------------------------------------

//N2_Parameters:
------------------------------------------------------------
N2+
28.01348
3.798	71.4
3.58661363E+00 	2.53071949E-04 	1.84778214E-07 	-4.55257223E-11   3.26818029E-15 1.80390994E+05 3.09584143E+00  15.6
3.77540711E+00 	-2.06459157E-03	 4.75752301E-06	 -3.15664228E-09  6.70509973E-13 1.80481115E+05 2.69322178E+00  15.6
N4+
56.026
3.798	71.4
3.58661363E+00 	2.53071949E-04 	1.84778214E-07 	-4.55257223E-11   3.26818029E-15 1.80390994E+05 3.09584143E+00  15.6
3.77540711E+00 	-2.06459157E-03	 4.75752301E-06	 -3.15664228E-09  6.70509973E-13 1.80481115E+05 2.69322178E+00  15.6
N2-
28.01348
3.798	71.4
3.22742443E+00  1.23537087E-03 -4.55435807E-07 7.56108931E-11 -4.61337139E-15 1.67668601E+04 5.78001987E+00	    0.0
3.87906227E+00  -3.16854857E-03 8.46825165E-06  -7.28825741E-09 2.18784907E-12 1.67450941E+04 3.12724800E+00 	0.0
N2
28.01348
3.798	71.4
2.95257637e+00  1.39690040e-03  -4.92631603e-07  7.86010195e-11 -4.60755204e-15  -9.23948688e+02 5.87188762e+00	0.0
3.53100528e+00  -1.23660988e-04 -5.02999433e-07  2.43530612e-09 -1.40881235e-12  -1.04697628e+03 2.96747038e+00	0.0
N2[A3]
28.01348
3.798	71.4
2.95257637e+00  1.39690040e-03  -4.92631603e-07  7.86010195e-11 -4.60755204e-15  -9.23948688e+02 5.87188762e+00	6.17
3.53100528e+00  -1.23660988e-04 -5.02999433e-07  2.43530612e-09 -1.40881235e-12  -1.04697628e+03 2.96747038e+00	6.17
N2[B]
28.01348
3.798	71.4
2.95257637e+00  1.39690040e-03  -4.92631603e-07  7.86010195e-11 -4.60755204e-15  -9.23948688e+02 5.87188762e+00	7.35
3.53100528e+00  -1.23660988e-04 -5.02999433e-07  2.43530612e-09 -1.40881235e-12  -1.04697628e+03 2.96747038e+00	7.35
N2[a1]
28.01348
1.0     1.0
2.95257637e+00  1.39690040e-03  -4.92631603e-07  7.86010195e-11 -4.60755204e-15  -9.23948688e+02 5.87188762e+00	8.4
3.53100528e+00  -1.23660988e-04 -5.02999433e-07  2.43530612e-09 -1.40881235e-12  -1.04697628e+03 2.96747038e+00	8.4
N2[C]
28.01348
3.798	71.4
2.95257637e+00  1.39690040e-03  -4.92631603e-07  7.86010195e-11 -4.60755204e-15  -9.23948688e+02 5.87188762e+00	11.03
3.53100528e+00  -1.23660988e-04 -5.02999433e-07  2.43530612e-09 -1.40881235e-12  -1.04697628e+03 2.96747038e+00	11.03
N
14.006
1.0     1.0
0.24159429E+01 0.17489065E-03 -0.11902369E-06 0.30226244E-10 -0.20360983E-14   0.56133775E+05 0.46496095E+01   0.0
0.25000000E+01 0.00000000E+00 0.00000000E+00  0.00000000E+00 0.00000000E+00    0.56104638E+05 0.41939088E+01   0.0
N[2D]
14.006
1.0     1.0
0.24159429E+01 0.17489065E-03 -0.11902369E-06 0.30226244E-10 -0.20360983E-14   0.56133775E+05 0.46496095E+01   2.3
0.25000000E+01 0.00000000E+00 0.00000000E+00  0.00000000E+00 0.00000000E+00    0.56104638E+05 0.41939088E+01   2.3
N[2P]
14.006
1.0     1.0
0.24159429E+01 0.17489065E-03 -0.11902369E-06 0.30226244E-10 -0.20360983E-14   0.56133775E+05 0.46496095E+01   3.7
0.25000000E+01 0.00000000E+00 0.00000000E+00  0.00000000E+00 0.00000000E+00    0.56104638E+05 0.41939088E+01   3.7

//N2_Spectrum_data:
2358.6	14.32
-------------------------------


//O2_Parameters:
------------------------------------------------------------
O2
31.9988
3.458	107.4
3.66096083e+00	6.56365523e-04	-1.41149485e-07	2.05797658e-11	-1.29913248e-15	-1.21597725e+03	3.41536184e+00 	0.0
3.78245636e+00	-2.99673415e-03	9.84730200e-06	-9.68129508e-09	3.24372836e-12	-1.06394356e+03	3.65767573e+00 	0.0
O2a
31.9988
3.458	107.4
3.45852381e+00	1.04045351e-03	-2.79664041e-07	3.11439672e-11	-8.55656058e-16	1.02229063e+04	4.15264119E+00	0.0
3.78535371e+00	-3.21928540e-03	1.12323443e-05	-1.17254068e-08	4.17659585e-12	1.02922572e+04	3.27320239E+00	0.0
O2b
31.9988
3.458	107.4
3.66096083e+00	6.56365523e-04	-1.41149485e-07	2.05797658e-11	-1.29913248e-15	-1.21597725e+03	3.41536184e+00 	1.636218936
3.78245636e+00	-2.99673415e-03	9.84730200e-06	-9.68129508e-09	3.24372836e-12	-1.06394356e+03	3.65767573e+00 	1.636218936
O3
47.9982
4.5	120
1.23302914e+01	-1.19324783e-02	7.98741278e-06	-1.77194552e-09	1.26075824e-13	1.26755831e+04	-4.08823374e+01 0.0
3.40738221e+00	2.05379063e-03	1.38486052e-05	-2.23311542e-08	9.76073226e-12	1.58644979e+04	8.28247580e+00 	0.0
O
15.9994
2.75	80
2.54363697e+00	-2.73162486e-05	-4.19029520e-09	4.95481845e-12	-4.79553694e-16	2.92260120e+04	4.92229457e+00 	0.0
3.16826710e+00	-3.27931884e-03	6.64306396e-06	-6.12806624e-09	2.11265971e-12	2.91222592e+04	2.05193346e+00	0.0
O1D
15.9994
2.75	80
2.49368475E+00 1.37617903E-05 -1.00401058E-08 	2.76012182E-12 	-2.01597513E-16 5.19986304E+04 4.65050950E+00	0.0
2.49993786E+00 1.71935346E-07 -3.45215267E-10 	3.71342028E-13	-1.70964494E-16 5.19965317E+04 4.61684555E+00	0.0

//O2_Spectrum_data:
1580.2	12.0
------------------------------------------------------------


//H2_Parameters:
------------------------------------------------------------
H2
2.01588
2.827		59.7
0.29328305e+01	0.82659802e-03	-0.14640057e-06	 0.15409851e-10	-0.68879615e-15	-0.81305582e+03	-0.10243164e+01	0.0
0.23443029e+01	0.79804248e-02	-0.19477917e-04	 0.20156967e-07	-0.73760289e-11	-0.91792413e+03	0.68300218e+00	0.0
H
1.00794
2.708		37.0
0.25000000e+01  0.00000000e+00  0.00000000e+00 	 0.00000000e+00 0.00000000e+00	 0.25473660e+05	-0.44668285e+00	0.0
0.25000000e+01  0.00000000e+00  0.00000000e+00	 0.00000000e+00 0.00000000e+00   0.25473660e+05	-0.44668285e+00 0.0
OH
17.0073
3.147		79.8
2.83853033e+00  1.10741289e-03  -2.94000209e-07  4.20698729e-11  -2.42289890e-15 3.69780808e+03  5.84494652e+00 0.0
3.99198424e+00	-2.40106655e-03 4.61664033e-06   -3.87916306e-09 1.36319502e-12  3.36889836e+03	-1.03998477e-01 0.0
H2O
18.0153
2.641		809.1
0.26770389e+01  0.29731816e-02  -0.77376889e-06  0.94433514e-10  -0.42689991e-14 -0.29885894e+05 0.68825500e+01  0.0
0.41986352e+01  -0.20364017e-02 0.65203416e-05   -0.54879269e-08 0.17719680e-11  -0.30293726e+05 -0.84900901e+00 0.0
HO2
33.0067
4.196		289.3
4.17228741e+00  1.88117627e-03  -3.46277286e-07  1.94657549e-11  1.76256905e-16  3.10206839e+01	2.95767672e+00	0.0
4.30179807e+00	-4.74912097e-03 2.11582905e-05   -2.42763914e-08 9.29225225e-12  2.64018485e+02	3.71666220e+00	0.0
H2O2
34.0147
4.196		289.3
4.57977305e+00  4.05326003e-03  -1.29844730e-06  1.98211400e-10  -1.13968792e-14 -1.80071775e+04 6.64970694e-01	0.0
4.31515149e+00  -8.47390622e-04 1.76404323e-05   -2.26762944e-08 9.08950158e-12  -1.77067437e+04 3.27373319e+00	0.0
HO2e
33.0067
4.196		289.3
4.17228741e+00  1.88117627e-03  -3.46277286e-07  1.94657549e-11  1.76256905e-16  3.10206839e+01	2.95767672e+00	0.74
4.30179807e+00	-4.74912097e-03 2.11582905e-05   -2.42763914e-08 9.29225225e-12  2.64018485e+02	3.71666220e+00	0.74
HO2v
33.0067
4.196		289.3
4.17228741e+00  1.88117627e-03  -3.46277286e-07  1.94657549e-11  1.76256905e-16  3.10206839e+01	2.95767672e+00	0.0
4.30179807e+00	-4.74912097e-03 2.11582905e-05   -2.42763914e-08 9.29225225e-12  2.64018485e+02	3.71666220e+00	0.0
HO2ee
33.0067
4.196		289.3
4.17228741e+00  1.88117627e-03  -3.46277286e-07  1.94657549e-11  1.76256905e-16  3.10206839e+01	2.95767672e+00	0.0
4.30179807e+00	-4.74912097e-03 2.11582905e-05   -2.42763914e-08 9.29225225e-12  2.64018485e+02	3.71666220e+00	0.0
OHe
17.0073
3.147		79.8
2.83853033e+00  1.10741289e-03  -2.94000209e-07  4.20698729e-11  -2.42289890e-15 3.69780808e+03  5.84494652e+00 4.05
3.99198424e+00	-2.40106655e-03 4.61664033e-06   -3.87916306e-09 1.36319502e-12  3.36889836e+03	-1.03998477e-01 4.05


//H2_Spectrum_data:
4401.21	121.34
------------------------------------------------------------


//He_Parameters:
------------------------------------------------------------

He
4.0026
2.58	10.22
2.50000000e+00	0.00000000e+00	0.00000000e+00	0.00000000e+00	0.00000000E+00	-7.45375000e+02	9.28723974e-01	0.0
2.50000000e+00	0.00000000e+00	0.00000000e+00	0.00000000e+00	0.00000000E+00	-7.45375000e+02	9.28723974e-01	0.0
------------------------------------------------------------


//Ar_Parameters:
------------------------------------------------------------
Ar
39.948
1.0 	1.0
0.25000000E+01 0.00000000E+00 0.00000000E+00 0.00000000E+00 0.00000000E+00 -0.74537500E+03 0.43796749E+01 0.0
0.25000000E+01 0.00000000E+00 0.00000000E+00 0.00000000E+00 0.00000000E+00 -0.74537500E+03 0.43796749E+01 0.0
Ar[1s5]
39.948
1.0 	1.0
0.25000000E+01 0.00000000E+00 0.00000000E+00 0.00000000E+00 0.00000000E+00 -0.74537500E+03 0.43796749E+01 11.54835370
0.25000000E+01 0.00000000E+00 0.00000000E+00 0.00000000E+00 0.00000000E+00 -0.74537500E+03 0.43796749E+01 11.54835370
Ar[2p10]
39.948
1.0 	1.0
0.25000000E+01 0.00000000E+00 0.00000000E+00 0.00000000E+00 0.00000000E+00 -0.74537500E+03 0.43796749E+01 12.90701448
0.25000000E+01 0.00000000E+00 0.00000000E+00 0.00000000E+00 0.00000000E+00 -0.74537500E+03 0.43796749E+01 12.90701448
------------------------------------------------------------

END
